Name  : dVine1_uBorder
Degree: 3
Rows  : 7
Cols  : 7
Steps : 10
Active Cells   : [15, 29, 43, 57, 71, 16, 30, 44, 58, 72, 0, 1, 2, 3, 4, 5, 6, 7, 8, 9, 10, 11, 12, 13, 27, 41, 55, 69, 83, 14, 28, 42, 56, 70, 84, 85, 86, 87, 88, 89, 90, 91, 92, 93, 94, 95, 96, 97]
Target Percents: [100, 100, 100, 100, 100, 100, 100, 100, 100, 100, 0, 0, 0, 0, 0, 0, 0, 0, 0, 0, 0, 0, 0, 0, 0, 0, 0, 0, 0, 0, 0, 0, 0, 0, 0, 0, 0, 0, 0, 0, 0, 0, 0, 0, 0, 0, 0, 0]

Name  : dVine2_uBorder
Degree: 3
Rows  : 7
Cols  : 7
Steps : 10
Active Cells   : [17, 31, 45, 59, 73, 18, 32, 46, 60, 74, 0, 1, 2, 3, 4, 5, 6, 7, 8, 9, 10, 11, 12, 13, 27, 41, 55, 69, 83, 14, 28, 42, 56, 70, 84, 85, 86, 87, 88, 89, 90, 91, 92, 93, 94, 95, 96, 97]
Target Percents: [100, 100, 100, 100, 100, 100, 100, 100, 100, 100, 0, 0, 0, 0, 0, 0, 0, 0, 0, 0, 0, 0, 0, 0, 0, 0, 0, 0, 0, 0, 0, 0, 0, 0, 0, 0, 0, 0, 0, 0, 0, 0, 0, 0, 0, 0, 0, 0]

Name  : dVine3_uBorder
Degree: 3
Rows  : 7
Cols  : 7
Steps : 10
Active Cells   : [19, 33, 47, 61, 75, 20, 34, 48, 62, 76, 0, 1, 2, 3, 4, 5, 6, 7, 8, 9, 10, 11, 12, 13, 27, 41, 55, 69, 83, 14, 28, 42, 56, 70, 84, 85, 86, 87, 88, 89, 90, 91, 92, 93, 94, 95, 96, 97]
Target Percents: [100, 100, 100, 100, 100, 100, 100, 100, 100, 100, 0, 0, 0, 0, 0, 0, 0, 0, 0, 0, 0, 0, 0, 0, 0, 0, 0, 0, 0, 0, 0, 0, 0, 0, 0, 0, 0, 0, 0, 0, 0, 0, 0, 0, 0, 0, 0, 0]

Name  : dVine4_uBorder
Degree: 3
Rows  : 7
Cols  : 7
Steps : 10
Active Cells   : [21, 35, 49, 63, 77, 22, 36, 50, 64, 78, 0, 1, 2, 3, 4, 5, 6, 7, 8, 9, 10, 11, 12, 13, 27, 41, 55, 69, 83, 14, 28, 42, 56, 70, 84, 85, 86, 87, 88, 89, 90, 91, 92, 93, 94, 95, 96, 97]
Target Percents: [100, 100, 100, 100, 100, 100, 100, 100, 100, 100, 0, 0, 0, 0, 0, 0, 0, 0, 0, 0, 0, 0, 0, 0, 0, 0, 0, 0, 0, 0, 0, 0, 0, 0, 0, 0, 0, 0, 0, 0, 0, 0, 0, 0, 0, 0, 0, 0]

Name  : dVine5_uBorder
Degree: 3
Rows  : 7
Cols  : 7
Steps : 10
Active Cells   : [23, 37, 51, 65, 79, 24, 38, 52, 66, 80, 0, 1, 2, 3, 4, 5, 6, 7, 8, 9, 10, 11, 12, 13, 27, 41, 55, 69, 83, 14, 28, 42, 56, 70, 84, 85, 86, 87, 88, 89, 90, 91, 92, 93, 94, 95, 96, 97]
Target Percents: [100, 100, 100, 100, 100, 100, 100, 100, 100, 100, 0, 0, 0, 0, 0, 0, 0, 0, 0, 0, 0, 0, 0, 0, 0, 0, 0, 0, 0, 0, 0, 0, 0, 0, 0, 0, 0, 0, 0, 0, 0, 0, 0, 0, 0, 0, 0, 0]

Name  : dVine6_uBorder
Degree: 3
Rows  : 7
Cols  : 7
Steps : 10
Active Cells   : [25, 39, 53, 67, 81, 26, 40, 54, 68, 82, 0, 1, 2, 3, 4, 5, 6, 7, 8, 9, 10, 11, 12, 13, 27, 41, 55, 69, 83, 14, 28, 42, 56, 70, 84, 85, 86, 87, 88, 89, 90, 91, 92, 93, 94, 95, 96, 97]
Target Percents: [100, 100, 100, 100, 100, 100, 100, 100, 100, 100, 0, 0, 0, 0, 0, 0, 0, 0, 0, 0, 0, 0, 0, 0, 0, 0, 0, 0, 0, 0, 0, 0, 0, 0, 0, 0, 0, 0, 0, 0, 0, 0, 0, 0, 0, 0, 0, 0]
===================================================================================
Name  : dBorder_uVine1
Degree: 3
Rows  : 7
Cols  : 7
Steps : 10
Active Cells   : [0, 1, 2, 3, 4, 5, 6, 7, 8, 9, 10, 11, 12, 13, 27, 41, 55, 69, 83, 14, 28, 42, 56, 70, 84, 85, 86, 87, 88, 89, 90, 91, 92, 93, 94, 95, 96, 97, 15, 29, 43, 57, 71, 16, 30, 44, 58, 72]
Target Percents: [100, 100, 100, 100, 100, 100, 100, 100, 100, 100, 100, 100, 100, 100, 100, 100, 100, 100, 100, 100, 100, 100, 100, 100, 100, 100, 100, 100, 100, 100, 100, 100, 100, 100, 100, 100, 100, 100, 0, 0, 0, 0, 0, 0, 0, 0, 0, 0]

Name  : dBorder_uVine2
Degree: 3
Rows  : 7
Cols  : 7
Steps : 10
Active Cells   : [0, 1, 2, 3, 4, 5, 6, 7, 8, 9, 10, 11, 12, 13, 27, 41, 55, 69, 83, 14, 28, 42, 56, 70, 84, 85, 86, 87, 88, 89, 90, 91, 92, 93, 94, 95, 96, 97, 17, 31, 45, 59, 73, 18, 32, 46, 60, 74]
Target Percents: [100, 100, 100, 100, 100, 100, 100, 100, 100, 100, 100, 100, 100, 100, 100, 100, 100, 100, 100, 100, 100, 100, 100, 100, 100, 100, 100, 100, 100, 100, 100, 100, 100, 100, 100, 100, 100, 100, 0, 0, 0, 0, 0, 0, 0, 0, 0, 0]

Name  : dBorder_uVine3
Degree: 3
Rows  : 7
Cols  : 7
Steps : 10
Active Cells   : [0, 1, 2, 3, 4, 5, 6, 7, 8, 9, 10, 11, 12, 13, 27, 41, 55, 69, 83, 14, 28, 42, 56, 70, 84, 85, 86, 87, 88, 89, 90, 91, 92, 93, 94, 95, 96, 97, 19, 33, 47, 61, 75, 20, 34, 48, 62, 76]
Target Percents: [100, 100, 100, 100, 100, 100, 100, 100, 100, 100, 100, 100, 100, 100, 100, 100, 100, 100, 100, 100, 100, 100, 100, 100, 100, 100, 100, 100, 100, 100, 100, 100, 100, 100, 100, 100, 100, 100, 0, 0, 0, 0, 0, 0, 0, 0, 0, 0]

Name  : dBorder_uVine4
Degree: 3
Rows  : 7
Cols  : 7
Steps : 10
Active Cells   : [0, 1, 2, 3, 4, 5, 6, 7, 8, 9, 10, 11, 12, 13, 27, 41, 55, 69, 83, 14, 28, 42, 56, 70, 84, 85, 86, 87, 88, 89, 90, 91, 92, 93, 94, 95, 96, 97, 21, 35, 49, 63, 77, 22, 36, 50, 64, 78]
Target Percents: [100, 100, 100, 100, 100, 100, 100, 100, 100, 100, 100, 100, 100, 100, 100, 100, 100, 100, 100, 100, 100, 100, 100, 100, 100, 100, 100, 100, 100, 100, 100, 100, 100, 100, 100, 100, 100, 100, 0, 0, 0, 0, 0, 0, 0, 0, 0, 0]

Name  : dBorder_uVine5
Degree: 3
Rows  : 7
Cols  : 7
Steps : 10
Active Cells   : [0, 1, 2, 3, 4, 5, 6, 7, 8, 9, 10, 11, 12, 13, 27, 41, 55, 69, 83, 14, 28, 42, 56, 70, 84, 85, 86, 87, 88, 89, 90, 91, 92, 93, 94, 95, 96, 97, 23, 37, 51, 65, 79, 24, 38, 52, 66, 80]
Target Percents: [100, 100, 100, 100, 100, 100, 100, 100, 100, 100, 100, 100, 100, 100, 100, 100, 100, 100, 100, 100, 100, 100, 100, 100, 100, 100, 100, 100, 100, 100, 100, 100, 100, 100, 100, 100, 100, 100, 0, 0, 0, 0, 0, 0, 0, 0, 0, 0]

Name  : dBorder_uVine6
Degree: 3
Rows  : 7
Cols  : 7
Steps : 10
Active Cells   : [0, 1, 2, 3, 4, 5, 6, 7, 8, 9, 10, 11, 12, 13, 27, 41, 55, 69, 83, 14, 28, 42, 56, 70, 84, 85, 86, 87, 88, 89, 90, 91, 92, 93, 94, 95, 96, 97, 25, 39, 53, 67, 81, 26, 40, 54, 68, 82]
Target Percents: [100, 100, 100, 100, 100, 100, 100, 100, 100, 100, 100, 100, 100, 100, 100, 100, 100, 100, 100, 100, 100, 100, 100, 100, 100, 100, 100, 100, 100, 100, 100, 100, 100, 100, 100, 100, 100, 100, 0, 0, 0, 0, 0, 0, 0, 0, 0, 0]
===================================================================================
Name  : dHine1_uBorder
Degree: 3
Rows  : 7
Cols  : 7
Steps : 10
Active Cells   : [15, 16, 17, 18, 19, 20, 21, 22, 23, 24, 25, 26, 0, 1, 2, 3, 4, 5, 6, 7, 8, 9, 10, 11, 12, 13, 27, 41, 55, 69, 83, 14, 28, 42, 56, 70, 84, 85, 86, 87, 88, 89, 90, 91, 92, 93, 94, 95, 96, 97]
Target Percents: [100, 100, 100, 100, 100, 100, 100, 100, 100, 100, 100, 100, 0, 0, 0, 0, 0, 0, 0, 0, 0, 0, 0, 0, 0, 0, 0, 0, 0, 0, 0, 0, 0, 0, 0, 0, 0, 0, 0, 0, 0, 0, 0, 0, 0, 0, 0, 0, 0, 0]

Name  : dHine2_uBorder
Degree: 3
Rows  : 7
Cols  : 7
Steps : 10
Active Cells   : [29, 30, 31, 32, 33, 34, 35, 36, 37, 38, 39, 40, 0, 1, 2, 3, 4, 5, 6, 7, 8, 9, 10, 11, 12, 13, 27, 41, 55, 69, 83, 14, 28, 42, 56, 70, 84, 85, 86, 87, 88, 89, 90, 91, 92, 93, 94, 95, 96, 97]
Target Percents: [100, 100, 100, 100, 100, 100, 100, 100, 100, 100, 100, 100, 0, 0, 0, 0, 0, 0, 0, 0, 0, 0, 0, 0, 0, 0, 0, 0, 0, 0, 0, 0, 0, 0, 0, 0, 0, 0, 0, 0, 0, 0, 0, 0, 0, 0, 0, 0, 0, 0]

Name  : dHine3_uBorder
Degree: 3
Rows  : 7
Cols  : 7
Steps : 10
Active Cells   : [43, 44, 45, 46, 47, 48, 49, 50, 51, 52, 53, 54, 0, 1, 2, 3, 4, 5, 6, 7, 8, 9, 10, 11, 12, 13, 27, 41, 55, 69, 83, 14, 28, 42, 56, 70, 84, 85, 86, 87, 88, 89, 90, 91, 92, 93, 94, 95, 96, 97]
Target Percents: [100, 100, 100, 100, 100, 100, 100, 100, 100, 100, 100, 100, 0, 0, 0, 0, 0, 0, 0, 0, 0, 0, 0, 0, 0, 0, 0, 0, 0, 0, 0, 0, 0, 0, 0, 0, 0, 0, 0, 0, 0, 0, 0, 0, 0, 0, 0, 0, 0, 0]

Name  : dHine4_uBorder
Degree: 3
Rows  : 7
Cols  : 7
Steps : 10
Active Cells   : [57, 58, 59, 60, 61, 62, 63, 64, 65, 66, 67, 68, 0, 1, 2, 3, 4, 5, 6, 7, 8, 9, 10, 11, 12, 13, 27, 41, 55, 69, 83, 14, 28, 42, 56, 70, 84, 85, 86, 87, 88, 89, 90, 91, 92, 93, 94, 95, 96, 97]
Target Percents: [100, 100, 100, 100, 100, 100, 100, 100, 100, 100, 100, 100, 0, 0, 0, 0, 0, 0, 0, 0, 0, 0, 0, 0, 0, 0, 0, 0, 0, 0, 0, 0, 0, 0, 0, 0, 0, 0, 0, 0, 0, 0, 0, 0, 0, 0, 0, 0, 0, 0]

Name  : dHine5_uBorder
Degree: 3
Rows  : 7
Cols  : 7
Steps : 10
Active Cells   : [71, 72, 73, 74, 75, 76, 77, 78, 79, 80, 81, 82, 0, 1, 2, 3, 4, 5, 6, 7, 8, 9, 10, 11, 12, 13, 27, 41, 55, 69, 83, 14, 28, 42, 56, 70, 84, 85, 86, 87, 88, 89, 90, 91, 92, 93, 94, 95, 96, 97]
Target Percents: [100, 100, 100, 100, 100, 100, 100, 100, 100, 100, 100, 100, 0, 0, 0, 0, 0, 0, 0, 0, 0, 0, 0, 0, 0, 0, 0, 0, 0, 0, 0, 0, 0, 0, 0, 0, 0, 0, 0, 0, 0, 0, 0, 0, 0, 0, 0, 0, 0, 0]
===================================================================================
Name  : dBorder_uHine1
Degree: 3
Rows  : 7
Cols  : 7
Steps : 10
Active Cells   : [0, 1, 2, 3, 4, 5, 6, 7, 8, 9, 10, 11, 12, 13, 27, 41, 55, 69, 83, 14, 28, 42, 56, 70, 84, 85, 86, 87, 88, 89, 90, 91, 92, 93, 94, 95, 96, 97, 15, 16, 17, 18, 19, 20, 21, 22, 23, 24, 25, 26]
Target Percents: [100, 100, 100, 100, 100, 100, 100, 100, 100, 100, 100, 100, 100, 100, 100, 100, 100, 100, 100, 100, 100, 100, 100, 100, 100, 100, 100, 100, 100, 100, 100, 100, 100, 100, 100, 100, 100, 100, 0, 0, 0, 0, 0, 0, 0, 0, 0, 0, 0, 0]

Name  : dBorder_uHine2
Degree: 3
Rows  : 7
Cols  : 7
Steps : 10
Active Cells   : [0, 1, 2, 3, 4, 5, 6, 7, 8, 9, 10, 11, 12, 13, 27, 41, 55, 69, 83, 14, 28, 42, 56, 70, 84, 85, 86, 87, 88, 89, 90, 91, 92, 93, 94, 95, 96, 97, 29, 30, 31, 32, 33, 34, 35, 36, 37, 38, 39, 40]
Target Percents: [100, 100, 100, 100, 100, 100, 100, 100, 100, 100, 100, 100, 100, 100, 100, 100, 100, 100, 100, 100, 100, 100, 100, 100, 100, 100, 100, 100, 100, 100, 100, 100, 100, 100, 100, 100, 100, 100, 0, 0, 0, 0, 0, 0, 0, 0, 0, 0, 0, 0]

Name  : dBorder_uHine3
Degree: 3
Rows  : 7
Cols  : 7
Steps : 10
Active Cells   : [0, 1, 2, 3, 4, 5, 6, 7, 8, 9, 10, 11, 12, 13, 27, 41, 55, 69, 83, 14, 28, 42, 56, 70, 84, 85, 86, 87, 88, 89, 90, 91, 92, 93, 94, 95, 96, 97, 43, 44, 45, 46, 47, 48, 49, 50, 51, 52, 53, 54]
Target Percents: [100, 100, 100, 100, 100, 100, 100, 100, 100, 100, 100, 100, 100, 100, 100, 100, 100, 100, 100, 100, 100, 100, 100, 100, 100, 100, 100, 100, 100, 100, 100, 100, 100, 100, 100, 100, 100, 100, 0, 0, 0, 0, 0, 0, 0, 0, 0, 0, 0, 0]

Name  : dBorder_uHine4
Degree: 3
Rows  : 7
Cols  : 7
Steps : 10
Active Cells   : [0, 1, 2, 3, 4, 5, 6, 7, 8, 9, 10, 11, 12, 13, 27, 41, 55, 69, 83, 14, 28, 42, 56, 70, 84, 85, 86, 87, 88, 89, 90, 91, 92, 93, 94, 95, 96, 97, 57, 58, 59, 60, 61, 62, 63, 64, 65, 66, 67, 68]
Target Percents: [100, 100, 100, 100, 100, 100, 100, 100, 100, 100, 100, 100, 100, 100, 100, 100, 100, 100, 100, 100, 100, 100, 100, 100, 100, 100, 100, 100, 100, 100, 100, 100, 100, 100, 100, 100, 100, 100, 0, 0, 0, 0, 0, 0, 0, 0, 0, 0, 0, 0]

Name  : dBorder_uHine5
Degree: 3
Rows  : 7
Cols  : 7
Steps : 10
Active Cells   : [0, 1, 2, 3, 4, 5, 6, 7, 8, 9, 10, 11, 12, 13, 27, 41, 55, 69, 83, 14, 28, 42, 56, 70, 84, 85, 86, 87, 88, 89, 90, 91, 92, 93, 94, 95, 96, 97, 71, 72, 73, 74, 75, 76, 77, 78, 79, 80, 81, 82]
Target Percents: [100, 100, 100, 100, 100, 100, 100, 100, 100, 100, 100, 100, 100, 100, 100, 100, 100, 100, 100, 100, 100, 100, 100, 100, 100, 100, 100, 100, 100, 100, 100, 100, 100, 100, 100, 100, 100, 100, 0, 0, 0, 0, 0, 0, 0, 0, 0, 0, 0, 0]