Name  : dCenter_uBorder
Degree: 3
Rows  : 2
Cols  : 2
Steps : 20
Active Cells   : [1, 2, 5, 6, 0, 1, 2, 3, 4, 5, 6, 7]
Target Percents: [100, 100, 100, 100, 0, 0, 0, 0, 0, 0, 0, 0]

Name  : dCenter_uBorder
Degree: 3
Rows  : 3
Cols  : 3
Steps : 20
Active Cells   : [8, 9, 0, 1, 2, 3, 4, 5, 11, 6, 12, 13, 14, 15, 16, 17]
Target Percents: [100, 100, 0, 0, 0, 0, 0, 0, 0, 0, 0, 0, 0, 0, 0, 0]

Name  : dCenter_uBorder
Degree: 3
Rows  : 4
Cols  : 4
Steps : 20
Active Cells   : [11, 12, 19, 20, 0, 1, 2, 3, 4, 5, 6, 7, 15, 23, 8, 16, 24, 25, 26, 27, 28, 29, 30, 31]
Target Percents: [100, 100, 100, 100, 0, 0, 0, 0, 0, 0, 0, 0, 0, 0, 0, 0, 0, 0, 0, 0, 0, 0, 0, 0]

Name  : dCenter_uBorder
Degree: 3
Rows  : 5
Cols  : 5
Steps : 20
Active Cells   : [24, 25, 0, 1, 2, 3, 4, 5, 6, 7, 8, 9, 19, 29, 39, 10, 20, 30, 40, 41, 42, 43, 44, 45, 46, 47, 48, 49]
Target Percents: [100, 100, 0, 0, 0, 0, 0, 0, 0, 0, 0, 0, 0, 0, 0, 0, 0, 0, 0, 0, 0, 0, 0, 0, 0, 0, 0, 0]

Name  : dCenter_uBorder
Degree: 3
Rows  : 6
Cols  : 6
Steps : 20
Active Cells   : [29, 30, 41, 42, 0, 1, 2, 3, 4, 5, 6, 7, 8, 9, 10, 11, 23, 35, 47, 59, 12, 24, 36, 48, 60, 61, 62, 63, 64, 65, 66, 67, 68, 69, 70, 71]
Target Percents: [100, 100, 100, 100, 0, 0, 0, 0, 0, 0, 0, 0, 0, 0, 0, 0, 0, 0, 0, 0, 0, 0, 0, 0, 0, 0, 0, 0, 0, 0, 0, 0, 0, 0, 0, 0]

Name  : dCenter_uBorder
Degree: 3
Rows  : 7
Cols  : 7
Steps : 20
Active Cells   : [48, 49, 0, 1, 2, 3, 4, 5, 6, 7, 8, 9, 10, 11, 12, 13, 27, 41, 55, 69, 83, 14, 28, 42, 56, 70, 84, 85, 86, 87, 88, 89, 90, 91, 92, 93, 94, 95, 96, 97]
Target Percents: [100, 100, 0, 0, 0, 0, 0, 0, 0, 0, 0, 0, 0, 0, 0, 0, 0, 0, 0, 0, 0, 0, 0, 0, 0, 0, 0, 0, 0, 0, 0, 0, 0, 0, 0, 0, 0, 0, 0, 0]

Name  : dCenter_uBorder
Degree: 3
Rows  : 8
Cols  : 8
Steps : 20
Active Cells   : [55, 56, 71, 72, 0, 1, 2, 3, 4, 5, 6, 7, 8, 9, 10, 11, 12, 13, 14, 15, 31, 47, 63, 79, 95, 111, 16, 32, 48, 64, 80, 96, 112, 113, 114, 115, 116, 117, 118, 119, 120, 121, 122, 123, 124, 125, 126, 127]
Target Percents: [100, 100, 100, 100, 0, 0, 0, 0, 0, 0, 0, 0, 0, 0, 0, 0, 0, 0, 0, 0, 0, 0, 0, 0, 0, 0, 0, 0, 0, 0, 0, 0, 0, 0, 0, 0, 0, 0, 0, 0, 0, 0, 0, 0, 0, 0, 0, 0]
===================================================================================
Name  : dBorder_uCenter
Degree: 3
Rows  : 2
Cols  : 2
Steps : 20
Active Cells   : [0, 1, 2, 3, 4, 5, 6, 7, 1, 2, 5, 6]
Target Percents: [100, 100, 100, 100, 100, 100, 100, 100, 0, 0, 0, 0]

Name  : dBorder_uCenter
Degree: 3
Rows  : 3
Cols  : 3
Steps : 20
Active Cells   : [0, 1, 2, 3, 4, 5, 11, 6, 12, 13, 14, 15, 16, 17, 8, 9]
Target Percents: [100, 100, 100, 100, 100, 100, 100, 100, 100, 100, 100, 100, 100, 100, 0, 0]

Name  : dBorder_uCenter
Degree: 3
Rows  : 4
Cols  : 4
Steps : 20
Active Cells   : [0, 1, 2, 3, 4, 5, 6, 7, 15, 23, 8, 16, 24, 25, 26, 27, 28, 29, 30, 31, 11, 12, 19, 20]
Target Percents: [100, 100, 100, 100, 100, 100, 100, 100, 100, 100, 100, 100, 100, 100, 100, 100, 100, 100, 100, 100, 0, 0, 0, 0]

Name  : dBorder_uCenter
Degree: 3
Rows  : 5
Cols  : 5
Steps : 20
Active Cells   : [0, 1, 2, 3, 4, 5, 6, 7, 8, 9, 19, 29, 39, 10, 20, 30, 40, 41, 42, 43, 44, 45, 46, 47, 48, 49, 24, 25]
Target Percents: [100, 100, 100, 100, 100, 100, 100, 100, 100, 100, 100, 100, 100, 100, 100, 100, 100, 100, 100, 100, 100, 100, 100, 100, 100, 100, 0, 0]

Name  : dBorder_uCenter
Degree: 3
Rows  : 6
Cols  : 6
Steps : 20
Active Cells   : [0, 1, 2, 3, 4, 5, 6, 7, 8, 9, 10, 11, 23, 35, 47, 59, 12, 24, 36, 48, 60, 61, 62, 63, 64, 65, 66, 67, 68, 69, 70, 71, 29, 30, 41, 42]
Target Percents: [100, 100, 100, 100, 100, 100, 100, 100, 100, 100, 100, 100, 100, 100, 100, 100, 100, 100, 100, 100, 100, 100, 100, 100, 100, 100, 100, 100, 100, 100, 100, 100, 0, 0, 0, 0]

Name  : dBorder_uCenter
Degree: 3
Rows  : 7
Cols  : 7
Steps : 20
Active Cells   : [0, 1, 2, 3, 4, 5, 6, 7, 8, 9, 10, 11, 12, 13, 27, 41, 55, 69, 83, 14, 28, 42, 56, 70, 84, 85, 86, 87, 88, 89, 90, 91, 92, 93, 94, 95, 96, 97, 48, 49]
Target Percents: [100, 100, 100, 100, 100, 100, 100, 100, 100, 100, 100, 100, 100, 100, 100, 100, 100, 100, 100, 100, 100, 100, 100, 100, 100, 100, 100, 100, 100, 100, 100, 100, 100, 100, 100, 100, 100, 100, 0, 0]

Name  : dBorder_uCenter
Degree: 3
Rows  : 8
Cols  : 8
Steps : 20
Active Cells   : [0, 1, 2, 3, 4, 5, 6, 7, 8, 9, 10, 11, 12, 13, 14, 15, 31, 47, 63, 79, 95, 111, 16, 32, 48, 64, 80, 96, 112, 113, 114, 115, 116, 117, 118, 119, 120, 121, 122, 123, 124, 125, 126, 127, 55, 56, 71, 72]
Target Percents: [100, 100, 100, 100, 100, 100, 100, 100, 100, 100, 100, 100, 100, 100, 100, 100, 100, 100, 100, 100, 100, 100, 100, 100, 100, 100, 100, 100, 100, 100, 100, 100, 100, 100, 100, 100, 100, 100, 100, 100, 100, 100, 100, 100, 0, 0, 0, 0]